54
32
36
30
22
35
22
24
31
21
37
27
46
43
70
81
93
103
108
130
120
138
132
143
160
167
154
186
202
190
238
273
247
279
280
362
268
351
337
392
392
457
411
442
496
460
552
525
601
598
579
698
601
656
668
688
833
896
856
948
986
1036
1116
1344
1229
1436
1260
1603
1493
1612
1601
1768
1791
1793
1603
1778
1951
1804
1741
1960
1746
1879
1641
1863
1648
1712
1696
1562
1839
1795
1597
1737
1775
1573
1594
1610
1795
1760
1496
1790
1521
1661
1611
1760
1583
1678
1569
1627
1782
1668
1643
1623
1766
1689
1496
1801
1556
1613
1590
1554
1773
1703
1471
1658
1746
1580
1541
1744
1596
1620
1419
1679
1489
1504
1514
1676
1510
1534
1469
1543
1577
1471
1516
1627
1503
1517
1408
1632
1397
1503
1456
1408
1582
1582
1402
1463
1542
1520
1507
1655
1532
1542
1377
1698
1467
1488
1534
1641
1563
1647
1459
1534
1629
1581
1636
1517
1898
1700
1479
1811
1550
1773
1826
1725
1977
2021
1886
2049
2194
2148
2191
2217
2644
2519
2136
2488
2059
2118
1870
1769
1427
1437
1117
1097
978
847
736
641
508
446
341
348
241
227
182
128
132
92
92
75
58
53
33
33
32
26
18
12
9
7
7
6
0
1
1
0
1
0
0
0
0
0
0
0
0
0
0
0
0
0
0
0
0
0
0
0
