0
7700
4695
3083
2016
1526
1143
914
741
584
418
360
323
302
233
192
190
209
180
121
160
139
116
92
78
108
82
91
92
112
109
162
182
153
99
70
45
36
30
26
34
21
26
33
30
34
37
37
32
30
25
26
18
26
27
27
35
39
58
39
36
26
25
19
33
29
34
25
34
37
25
17
19
24
17
11
12
5
6
17
14
18
8
11
8
6
8
5
9
7
9
10
7
3
7
5
5
4
4
10
4
7
6
7
6
6
8
5
8
7
5
3
8
8
8
2
12
3
6
5
14
11
10
0
1
0
3
4
0
3
2
0
2
0
1
0
1
3
0
3
1
3
0
1
0
1
0
1
0
1
0
1
0
2
1
2
0
1
4
2
0
1
0
2
1
1
0
1
0
1
0
0
0
1
0
0
0
0
0
0
0
0
0
0
0
1
3
1
0
2
1
0
2
0
0
1
0
3
1
1
0
0
0
0
0
0
0
0
1
0
2
0
0
0
0
0
1
0
1
