0
3359
1769
1118
715
549
373
311
277
235
210
178
156
168
120
112
109
97
110
77
76
72
65
58
78
86
83
108
102
98
101
149
174
155
100
78
64
51
44
38
43
26
33
35
40
50
40
53
30
38
39
36
17
16
27
30
43
41
69
55
58
41
42
42
51
39
43
52
49
53
32
21
11
16
18
14
16
6
19
12
25
26
12
17
13
15
9
13
6
14
13
18
15
9
12
9
6
7
15
12
10
11
5
6
8
8
5
8
8
7
9
7
5
10
9
11
7
7
11
8
20
11
20
6
6
3
3
5
3
4
2
2
2
4
4
5
2
3
3
1
5
3
2
5
5
7
5
5
1
3
2
2
0
4
3
5
3
1
5
2
1
2
0
2
1
2
0
1
1
4
0
2
1
1
1
0
0
1
0
1
0
0
0
0
1
1
3
1
1
3
2
2
3
0
0
1
0
4
2
1
0
0
0
0
0
0
0
1
2
0
3
1
1
1
2
2
3
2
1
1
2
1
2
3
4
1
1
0
1
1
1
2
1
1
1
0
1
1
0
1
1
0
1
0
0
1
0
1
1
0
1
0
2
1
0
0
0
0
0
0
0
0
1
0
1
1
1
