0
0
0
0
0
0
0
0
0
0
0
0
0
0
0
0
0
0
0
0
0
0
0
0
0
0
0
0
0
0
0
0
0
0
0
0
0
0
0
0
0
0
0
0
0
0
0
0
0
0
0
0
0
0
0
0
0
0
0
0
0
0
0
0
0
0
0
0
0
0
0
0
0
0
0
0
0
0
0
0
0
0
0
0
0
0
0
0
0
0
0
0
0
0
0
0
0
0
0
0
0
0
0
0
0
0
0
0
0
0
0
0
0
0
0
0
0
0
0
0
0
0
0
0
0
0
0
0
0
0
1
0
0
1
1
3
1
2
3
4
1
1
0
3
4
4
3
2
3
3
3
4
4
1
3
4
3
4
1
3
5
2
2
3
6
9
3
12
3
5
5
13
7
9
7
10
10
7
16
13
12
27
21
15
17
29
25
23
32
29
25
30
23
28
25
40
53
45
46
50
55
53
70
64
58
68
81
93
90
83
106
106
104
113
131
134
136
161
167
159
198
215
223
232
273
301
282
353
368
392
395
454
518
550
597
664
745
818
914
1065
1229
1400
1574
1968
2319
2981
3507
4325
5789
7377
9344
12190
15002
17999
20580
22397
20160
18218
15092
12090
9461
7177
5701
4473
3554
2806
2311
2006
1639
1407
1225
1101
954
857
718
699
581
542
506
457
419
428
358
326
301
286
260
217
212
192
184
177
156
166
151
141
117
101
122
106
73
86
84
77
70
79
61
58
66
61
57
39
43
38
30
35
38
42
34
39
29
26
31
28
28
29
29
17
17
19
15
12
10
13
8
12
7
9
11
14
3
6
5
7
6
9
5
6
3
3
6
6
2
8
5
5
5
6
0
4
3
2
3
3
2
0
5
1
0
3
1
1
2
0
1
1
0
0
3
1
0
0
0
0
0
0
0
0
0
0
0
0
0
0
0
0
0
0
0
0
0
0
0
0
0
0
0
0
0
0
0
0
0
0
0
0
0
0
0
0
0
0
0
0
0
0
0
0
0
0
0
0
0
0
0
0
0
0
0
0
0
0
0
0
0
0
0
0
0
0
0
0
0
0
0
0
0
0
0
0
0
0
0
0
0
0
0
0
0
0
0
0
0
0
0
0
0
0
0
0
0
0
0
0
0
0
0
0
0
0
0
0
0
0
0
0
0
0
0
0
0
0
0
0
0
0
0
0
0
0
0
