0
0
0
0
0
0
0
0
0
0
0
0
0
0
0
0
0
0
0
0
0
0
0
0
0
0
0
0
0
0
0
0
0
0
0
0
0
0
0
0
0
0
0
0
0
0
0
0
0
0
0
0
0
0
0
0
0
0
0
0
0
0
0
0
0
0
0
0
0
0
0
0
0
0
0
0
0
0
0
0
0
0
0
0
0
0
0
0
0
0
0
0
0
0
0
0
0
1
0
1
0
0
1
0
1
0
0
0
0
0
1
0
0
1
0
0
0
1
1
2
1
0
1
1
2
1
3
3
1
3
9
2
5
6
3
6
6
9
5
7
11
9
10
16
14
11
11
13
11
14
18
23
26
22
24
27
30
33
28
30
52
41
37
38
42
48
70
70
68
68
65
88
91
82
88
91
86
123
122
142
147
157
145
146
154
161
166
172
165
214
220
208
235
250
239
271
310
342
328
322
354
400
361
374
389
460
429
486
500
543
537
589
626
678
677
706
739
825
850
914
925
993
1119
1100
1154
1182
1222
1385
1423
1530
1638
1767
1851
1942
2072
2291
2337
2402
2609
2769
2941
3291
3435
3618
3896
4136
4541
4926
5368
5630
5925
6421
6877
7296
7411
7483
7421
7229
6879
6469
6170
5746
5269
4894
4375
4096
3983
3652
3508
3174
2958
2792
2616
2511
2355
2309
2057
1877
1832
1698
1623
1565
1442
1348
1324
1227
1175
1134
1038
1065
944
873
856
802
811
714
666
644
643
569
552
527
511
511
483
445
426
420
349
347
335
332
322
294
318
270
244
230
227
218
205
201
202
190
154
179
143
133
128
154
123
152
110
106
112
89
100
99
84
87
83
66
64
72
63
56
52
35
43
42
42
33
34
29
20
23
30
18
11
23
18
9
11
13
14
9
12
10
8
9
10
6
6
3
7
1
5
3
7
4
0
1
0
6
0
1
0
0
2
1
2
1
1
0
1
0
0
1
1
1
0
0
1
0
0
0
0
0
0
1
0
0
1
0
0
0
0
0
0
0
0
0
0
0
0
0
0
0
0
0
0
0
0
0
0
0
0
0
0
0
0
0
0
0
0
0
0
0
0
0
0
0
0
0
0
0
0
0
0
0
0
0
0
0
0
0
0
0
0
0
0
0
0
0
0
0
0
0
0
0
0
0
0
0
0
0
0
0
0
0
0
0
0
0
0
0
0
0
0
0
0
0
0
0
0
0
0
0
0
0
0
